122.290039	-15.600025	120.306152	-31.115860	
241.332947	-46.548119	233.461487	-76.825966	
355.489410	-92.344444	338.017395	-135.896957	
462.915680	-152.249344	432.442780	-206.895782	
561.876709	-225.295303	515.429688	-288.220673	
650.774231	-310.302551	585.911011	-378.134186	
728.172424	-405.898163	643.072815	-474.798340	
792.821228	-510.538147	686.363037	-576.310303	
843.676575	-622.532532	715.493652	-680.738892	
879.917053	-740.072449	730.439209	-786.160156	
900.957336	-861.259521	731.429749	-890.692566	
906.457581	-984.136475	718.939514	-992.530212	
896.328979	-1106.718750	693.671570	-1089.973877	
870.735168	-1227.026489	656.538330	-1181.458984	
830.089478	-1343.116699	608.638245	-1265.581787	
775.048340	-1453.114258	551.230530	-1341.119263	
706.500732	-1555.242798	485.706726	-1407.048218	
625.553772	-1647.852661	413.560852	-1462.557373	
533.514832	-1729.448242	336.358063	-1507.057617	
431.870453	-1798.711670	255.703156	-1540.185303	
322.262268	-1854.524292	173.208572	-1561.803345	
206.460526	-1895.984619	90.463562	-1571.996460	
86.335548	-1922.423096	9.004346	-1571.062866	
-36.172535	-1933.412598	-69.713974	-1559.502319	
-159.085098	-1928.775757	-144.343155	-1537.999878	
-280.416992	-1908.587402	-213.664795	-1507.406860	
-398.208618	-1873.173584	-276.610321	-1468.719116	
-510.557495	-1823.106323	-332.277252	-1423.052734	
-615.649109	-1759.194214	-379.942139	-1371.617676	
-711.786133	-1682.469482	-419.069244	-1315.691406	
-797.415833	-1594.171387	-449.315460	-1256.590698	
-871.155273	-1495.725952	-470.531403	-1195.643066	
-931.813416	-1388.723267	-482.757660	-1134.160645	
-978.410645	-1274.891357	-486.218933	-1073.412109	
-1010.194336	-1156.068848	-481.312897	-1014.599060	
-1026.651123	-1034.174683	-468.596588	-958.832214	
-1027.515259	-911.177734	-448.769867	-907.111572	
-1012.772766	-789.064453	-422.655914	-860.307922	
-982.661804	-669.807068	-391.179993	-819.148743	
-937.668640	-555.331665	-355.346161	-784.206543	
-878.519958	-447.487183	-316.213287	-755.891479	
-806.171082	-348.015381	-274.870026	-734.446960	
-721.790466	-258.522858	-232.409897	-719.949341	
-626.740967	-180.454956	-189.906815	-712.310730	
-522.557739	-115.072571	-148.391403	-711.286011	
-410.923431	-63.431686	-108.828835	-716.482483	
-293.641022	-26.366346	-72.098396	-727.372986	
-172.604752	-4.475192	-38.975559	-743.311462	
-49.769466	1.888214	-10.116365	-763.550903	
72.880936	-7.378903	13.955051	-787.263611	
193.365540	-32.126873	32.855885	-813.562378	
309.738403	-71.955986	46.350723	-841.523071	
420.119995	-126.222969	54.354256	-870.207581	
522.727539	-194.051361	56.930477	-898.686829	
615.903870	-274.345673	54.288589	-926.063538	
698.144043	-365.809082	46.775448	-951.493286	
768.119812	-466.964355	34.865177	-974.205078	
824.701050	-576.177734	19.145823	-993.519531	
866.973877	-691.685364	0.303309	-1008.864685	
894.255554	-811.621643	-20.896469	-1019.789673	
906.105469	-934.049500	-43.627514	-1025.975220	
902.332214	-1056.991577	-67.024918	-1027.240967	
882.996765	-1178.462280	-90.206772	-1023.549927	
848.411438	-1296.499756	-112.296715	-1015.009644	
799.134827	-1409.197632	-132.446060	-1001.868408	
735.962769	-1514.735718	-149.855515	-984.510681	
659.915588	-1611.409546	-163.795593	-963.447815	
572.221436	-1697.657715	-173.625900	-939.305847	
474.296722	-1772.087158	-178.811890	-912.810974	
367.722961	-1833.495850	-178.939835	-884.772400	
254.221420	-1880.892090	-173.728638	-856.063110	
135.625229	-1913.510254	-163.039017	-827.598633	
13.849825	-1930.823608	-146.879242	-800.315552	
-109.138023	-1932.552490	-125.407784	-775.148071	
-231.351959	-1918.668945	-98.932281	-753.005432	
-350.818146	-1889.397217	-67.905334	-734.748840	
-465.607086	-1845.210083	-32.916660	-721.169617	
-573.864868	-1786.821289	5.317742	-712.968323	
-673.843018	-1715.173706	45.969696	-710.735352	
-763.926819	-1631.424561	88.115540	-714.934448	
-842.661316	-1536.926514	130.755447	-725.888367	
-908.774902	-1433.205811	172.834610	-743.766846	
-961.199829	-1321.937500	213.266266	-768.578491	
-999.089355	-1204.918823	250.955872	-800.166321	
-1021.831543	-1084.039551	284.825836	-838.205444	
-1029.059082	-961.252075	313.840454	-882.206116	
-1020.655212	-838.539490	337.030731	-931.519226	
-996.755737	-717.883728	353.517792	-985.345886	
-957.746582	-601.233459	362.535583	-1042.750488	
-904.257812	-490.472687	363.450989	-1102.676636	
-837.153320	-387.390259	355.782135	-1163.966431	
-757.516846	-293.651062	339.213745	-1225.382324	
-666.634644	-210.769073	313.609070	-1285.631104	
-565.974487	-140.082886	279.018951	-1343.389526	
-457.162170	-82.734146	235.686539	-1397.331055	
-341.955078	-39.649078	184.048767	-1446.154419	
-222.213882	-11.523543	124.733345	-1488.611084	
-99.872513	1.188209	58.552002	-1523.532471	
23.093122	-1.719126	-13.510259	-1549.857666	
144.697021	-20.198593	-90.309715	-1566.657471	
262.975189	-53.951733	-170.562057	-1573.158325	
376.017334	-102.433403	-252.863876	-1568.762329	
481.997742	-164.860596	-335.717010	-1553.065674	
579.204712	-240.225052	-417.555542	-1525.871826	
666.068298	-327.309570	-496.774689	-1487.202637	
741.185608	-424.707672	-571.761353	-1437.304688	
803.343384	-530.846313	-640.925476	-1376.651123	
851.537781	-644.011230	-702.731934	-1305.939575	
884.990356	-762.374756	-755.732239	-1226.085571	
903.160889	-884.025208	-798.594666	-1138.210938	
905.755859	-1006.997803	-830.134033	-1043.628906	
892.733398	-1129.306519	-849.338562	-943.824524	
864.303833	-1248.975830	-855.394226	-840.430969	
820.926270	-1364.073120	-847.706299	-735.203430	
763.301331	-1472.739380	-825.916687	-629.988770	
692.359680	-1573.219604	-789.917725	-526.693848	
609.247131	-1663.890991	-739.861267	-427.251038	
515.305969	-1743.289062	-676.163208	-333.582764	
412.053436	-1810.131470	-599.502930	-247.565475	
301.157135	-1863.338745	-510.818268	-170.993561	
184.408157	-1902.051514	-411.294891	-105.543510	
63.692074	-1925.644409	-302.351471	-52.739861	
-59.041447	-1933.736572	-185.619476	-13.923341	
-181.810165	-1926.197144	-62.919224	9.779269	
-302.631256	-1903.147949	63.768764	17.480850	
-419.553345	-1864.961182	192.337372	8.556301	
-530.687988	-1812.253540	320.582489	-17.338503	
-634.240234	-1745.876343	446.246124	-60.253788	
-728.537659	-1666.901733	567.054016	-119.937469	
-812.057251	-1576.605103	680.756531	-195.831833	
-883.450012	-1476.444824	785.169556	-287.076355	
-941.562927	-1368.038696	878.215454	-392.515564	
-985.457458	-1253.137573	957.963074	-510.712555	
-1014.424561	-1133.597168	1022.665833	-639.967773	
-1027.996460	-1011.348206	1070.796997	-778.343201	
-1025.953979	-888.365173	1101.082764	-923.691467	
-1008.330017	-766.634338	1112.530151	-1073.688599	
-975.409241	-648.121765	1104.451660	-1225.871582	
-927.723389	-534.741638	1076.484375	-1377.678833	
-866.042603	-428.325073	1028.603760	-1526.492798	
-791.363159	-330.590851	961.131470	-1669.685425	
-704.891113	-243.117477	874.738098	-1804.663818	
-608.023132	-167.317749	770.438538	-1928.916992	
-502.323761	-104.415894	649.581909	-2040.061646	
-389.500122	-55.427853	513.835388	-2135.886475	
-271.374451	-21.144833	365.161499	-2214.395020	
-149.854584	-2.120539	205.790558	-2273.844727	
-26.903212	1.337764	38.187023	-2312.783691	
95.493881	-10.825778	-134.988312	-2330.080322	
215.359848	-38.414711	-310.920593	-2324.951660	
330.758728	-80.983444	-486.686676	-2296.982910	
439.826721	-137.844452	-659.303650	-2246.142334	
540.802246	-208.079361	-825.779358	-2172.790283	
632.054443	-290.553802	-983.164001	-2077.679932	
712.109497	-383.935730	-1128.601929	-1961.952637	
779.674438	-486.716949	-1259.383057	-1827.125610	
833.658020	-597.237427	-1372.992188	-1675.073242	
873.188354	-713.712097	-1467.156128	-1508.001587	
897.627014	-834.259827	-1539.888062	-1328.417236	
906.579224	-956.933594	-1589.526367	-1139.088867	
899.900452	-1079.752075	-1614.769653	-943.006104	
877.698547	-1200.731689	-1614.706055	-743.330994	
840.332092	-1317.918457	-1588.835815	-543.347961	
788.404602	-1429.419678	-1537.087646	-346.409271	
722.754700	-1533.434570	-1459.827637	-155.879089	
644.442810	-1628.283081	-1357.860840	24.923864	
554.733643	-1712.433350	-1232.425781	192.783707	
455.076172	-1784.526245	-1085.180664	344.644226	
347.079956	-1843.397461	-918.182678	477.663696	
232.489227	-1888.096069	-733.860107	589.267273	
113.154755	-1917.900146	-534.977173	677.195312	
-8.996079	-1932.328369	-324.593018	739.547058	
-131.990417	-1931.147705	-106.014755	774.819580	
-253.841766	-1914.377197	117.254593	781.939636	
-372.582092	-1882.287720	341.572113	760.289307	
-486.293610	-1835.397583	563.214478	709.724060	
-593.139771	-1774.464111	778.439758	630.583191	
-691.394897	-1700.471313	983.550293	523.691895	
-779.472046	-1614.614380	1174.956177	390.355316	
-855.948730	-1518.280029	1349.237793	232.344162	
-919.589722	-1413.024048	1503.206055	51.872608	
-969.367188	-1300.546509	1633.960083	-148.432419	
-1004.477112	-1182.663940	1738.940918	-365.568634	
-1024.352539	-1061.280396	1815.979736	-596.203552	
-1028.672363	-938.356262	1863.340942	-836.725037	
-1017.366821	-815.876953	1879.757812	-1083.298096	
-990.618530	-695.820618	1864.461182	-1331.926025	
-948.859497	-580.126282	1817.199829	-1578.515137	
-892.764160	-470.662506	1738.252930	-1818.941772	
-823.238586	-369.197296	1628.433105	-2049.122070	
-741.405640	-277.369385	1489.080688	-2265.080078	
-648.586975	-196.661911	1322.049561	-2463.017334	
-546.281738	-128.378372	1129.682861	-2639.377930	
-436.142273	-73.621628	914.781616	-2790.912842	
-319.947449	-33.276054	680.563904	-2914.738037	
-199.573944	-7.993277	430.617371	-3008.388916	
-76.965904	1.818363	168.843979	-3069.866943	
45.896423	-3.999605	-100.600342	-3097.680176	
167.028687	-25.353212	-373.372009	-3090.875244	
284.474457	-61.897579	-645.009705	-3049.060791	
396.336884	-113.042473	-911.007202	-2972.422119	
500.809235	-177.961853	-1166.888306	-2861.726318	
596.204224	-255.607193	-1408.281860	-2718.316406	
680.981079	-344.724457	-1630.996338	-2544.098389	
753.770569	-443.874298	-1831.092041	-2341.515869	
813.397095	-551.455322	-2004.950439	-2113.517334	
858.897583	-665.729980	-2149.339111	-1863.512939	
889.537170	-784.852661	-2261.470459	-1595.324951	
904.821045	-906.899414	-2339.053711	-1313.128174	
904.502258	-1029.899048	-2380.340576	-1021.386292	
888.586060	-1151.864868	-2384.160889	-724.780273	
857.329468	-1270.827148	-2349.949951	-428.134155	
811.237305	-1384.864502	-2277.765381	-136.335907	
751.054016	-1492.135010	-2168.294434	145.742798	
677.751587	-1590.906250	-2022.850586	413.327728	
592.513977	-1679.582886	-1843.359741	661.822998	
496.717834	-1756.732788	-1632.335815	886.889343	
391.910400	-1821.109863	-1392.846558	1084.520020	
279.784393	-1871.674316	-1128.469238	1251.111084	
162.150787	-1907.609497	-843.237610	1383.526245	
40.909481	-1928.334961	-541.580994	1479.155151	
-81.981346	-1933.516113	-228.254974	1535.962280	
-204.536880	-1923.069092	91.733093	1552.528931	
-324.777740	-1897.162720	413.204224	1528.083496	
-440.761871	-1856.215454	730.891663	1462.521851	
-550.616028	-1800.888550	1039.527222	1356.417847	
-652.565979	-1732.075684	1333.928101	1211.021240	
-744.965088	-1650.888184	1609.084717	1028.245361	
-826.320984	-1558.637329	1860.244751	810.643005	
-895.319763	-1456.813110	2082.995605	561.371765	
-950.846985	-1347.060059	2273.340576	284.148834	
-992.005798	-1231.150879	2427.771484	-16.804184	
-1018.131470	-1110.957520	2543.330078	-336.825043	
-1028.802002	-988.421265	2617.665283	-670.883362	
-1023.845154	-865.521179	2649.077881	-1013.659241	
-1003.340881	-744.242249	2636.556396	-1359.628296	
-967.620422	-626.543274	2579.801514	-1703.150391	
-917.260681	-514.325195	2479.239014	-2038.561890	
-853.075012	-409.400482	2336.020752	-2360.268799	
-776.100037	-313.463745	2152.014160	-2662.839600	
-687.579041	-228.064484	1929.778198	-2941.097900	
-588.941711	-154.581985	1672.530029	-3190.209473	
-481.781158	-94.203056	1384.098022	-3405.766602	
-367.828125	-47.902889	1068.865723	-3583.864746	
-248.923065	-16.429279	731.705383	-3721.173828	
-126.986435	-0.290558	377.902771	-3814.997314	
-3.987634	0.252616	13.074302	-3863.325439	
118.086777	-14.808528	-356.921875	-3864.874756	
237.265167	-45.230740	-726.080139	-3819.116455	
351.622681	-90.522667	-1088.344727	-3726.294434	
459.312317	-149.952789	-1437.709229	-3587.427979	
558.594910	-222.561066	-1768.309692	-3404.307861	
647.867004	-307.174835	-2074.542236	-3179.464111	
725.686829	-402.427521	-2351.138428	-2916.140625	
790.797485	-506.780762	-2593.261719	-2618.247314	
842.147461	-618.549194	-2796.591309	-2290.301514	
878.907410	-735.927673	-2957.399658	-1937.360840	
900.483582	-857.020508	-3072.619141	-1564.944214	
906.527588	-979.871948	-3139.898926	-1178.946655	
896.941772	-1102.497803	-3157.651367	-785.545410	
871.880981	-1222.917725	-3125.085449	-391.101624	
831.749939	-1339.186768	-3042.228271	-2.056806	
777.196777	-1449.427246	-2909.931641	375.171722	
709.102539	-1551.858521	-2729.867188	734.297241	
628.567017	-1644.826416	-2504.506104	1069.267578	
536.890930	-1726.829468	-2237.086914	1374.367554	
435.554871	-1796.543213	-1931.568970	1644.316040	
326.195465	-1852.841675	-1592.575195	1874.356689	
210.578934	-1894.815674	-1225.321533	2060.341553	
90.572556	-1921.787354	-835.537720	2198.804443	
-31.885496	-1933.321045	-429.377197	2287.025635	
-154.817459	-1929.230469	-13.320695	2323.082275	
-276.237915	-1909.581665	405.927551	2305.887695	
-394.185852	-1874.692017	821.547729	2235.218018	
-506.756317	-1825.125000	1226.715210	2111.722900	
-612.131287	-1761.681152	1614.713013	1936.923340	
-708.608826	-1685.385132	1979.042480	1713.194824	
-794.630859	-1597.469238	2313.532471	1443.736084	
-868.807983	-1499.353271	2612.443848	1132.524170	
-929.942261	-1392.621826	2870.566406	784.256531	
-977.046326	-1278.998779	3083.311035	404.279785	
-1009.359436	-1160.319092	3246.788818	-1.491476	
-1026.359619	-1038.499634	3357.882812	-426.666992	
-1027.772461	-915.507751	3414.304443	-864.481140	
-1013.575073	-793.329895	3414.639893	-1307.900879	
-983.996704	-673.939270	3358.380127	-1749.738403	
-939.515137	-559.264099	3245.937500	-2182.767822	
-880.848755	-451.156494	3078.647461	-2599.843506	
-808.945007	-351.362427	2858.754150	-2994.017334	
-724.965210	-261.493652	2589.382080	-3358.655273	
-630.265686	-183.001587	2274.492188	-3687.548096	
-526.375916	-117.153915	1918.824219	-3975.016846	
-414.973755	-65.014122	1527.826050	-4216.010742	
-297.858398	-27.424294	1107.570190	-4406.195312	
-176.921341	-4.991526	664.659729	-4542.030273	
-54.115784	1.921878	206.124619	-4620.832520	
68.574898	-6.795737	-260.689819	-4640.828613	
189.169174	-31.003576	-728.240540	-4601.191406	
305.719391	-70.310669	-1188.908813	-4502.061035	
416.343201	-124.082184	-1635.123901	-4344.552246	
519.253967	-191.449677	-2059.488281	-4130.741699	
612.789612	-271.325134	-2454.899170	-3863.644531	
695.439453	-362.418518	-2814.668213	-3547.170654	
765.868652	-463.258606	-3132.633545	-3186.069336	
822.939758	-572.216797	-3403.266113	-2785.858154	
865.731079	-687.533325	-3621.763672	-2352.739258	
893.551453	-807.345764	-3784.136963	-1893.502319	
905.951599	-929.719116	-3887.280518	-1415.419434	
902.731262	-1052.677002	-3929.031250	-926.129272	
883.942383	-1174.233521	-3908.210938	-433.515198	
849.888489	-1292.425415	-3824.653564	54.421574	
801.119507	-1405.343872	-3679.216064	529.692017	
738.423096	-1511.165283	-3473.772949	984.450073	
662.811890	-1608.180420	-3211.192871	1411.122314	
575.507019	-1694.822510	-2895.300049	1802.533691	
477.918488	-1769.692261	-2530.819336	2152.027832	
371.622437	-1831.580444	-2123.304932	2453.580811	
258.335602	-1879.487549	-1679.058228	2701.903320	
139.887619	-1912.639893	-1205.028320	2892.534180	
18.191494	-1930.501953	-708.704468	3021.918213	
-104.787308	-1932.785278	-197.997879	3087.472656	
-227.062607	-1919.453003	318.884583	3087.636475	
-346.659607	-1890.720459	833.572327	3021.903076	
-461.646729	-1847.051636	1337.666382	2890.837646	
-570.166870	-1789.151855	1822.876831	2696.074707	
-670.467346	-1717.956299	2281.158447	2440.301025	
-760.928284	-1634.614746	2704.844482	2127.218506	
-840.088684	-1540.473145	3086.775146	1761.491699	
-906.670044	-1437.052002	3420.417236	1348.679199	
-959.597046	-1326.021729	3699.976318	895.148560	
-998.014893	-1209.175415	3920.497314	407.979248	
-1021.303101	-1088.400146	4077.950439	-105.148262	
-1029.085571	-965.646606	4169.304688	-636.073486	
-1021.236572	-842.897278	4192.584473	-1176.285522	
-997.882935	-722.134644	4146.909180	-1717.059326	
-959.401794	-605.309143	4032.517090	-2249.597168	
-906.414612	-494.307526	3850.767334	-2765.171387	
-839.777222	-390.922516	3604.127441	-3255.267090	
-760.565796	-296.823883	3296.140381	-3711.723145	
-670.059692	-213.531342	2931.374756	-4126.868164	
-569.720642	-142.390121	2515.357422	-4493.648926	
-461.169128	-84.549202	2054.489990	-4805.749512	
-346.158356	-40.942741	1555.950806	-5057.700195	
-226.545807	-12.275008	1027.583374	-5244.972656	
-104.263290	0.990997	477.772522	-5364.060547	
18.714258	-1.358979	-84.687981	-5412.543945	
140.400681	-19.286983	-650.736572	-5389.135742	
258.830688	-52.503468	-1211.189575	-5293.711426	
372.091553	-100.471970	-1756.890259	-5127.319336	
478.354065	-162.417770	-2278.858643	-4892.170898	
575.901978	-237.340408	-2768.438965	-4591.612305	
663.159912	-324.029846	-3217.442627	-4230.080078	
738.718567	-421.085999	-3618.286621	-3813.033447	
801.357605	-526.941345	-3964.119141	-3346.873291	
850.065369	-639.886230	-4248.938477	-2838.844238	
884.055237	-758.096619	-4467.695312	-2296.923096	
902.778198	-879.663269	-4616.381836	-1729.692261	
905.931946	-1002.622803	-4692.103516	-1146.204224	
893.465515	-1124.989380	-4693.135742	-555.837952	
865.580200	-1244.786743	-4618.958008	31.852621	
822.726379	-1360.080078	-4470.270996	607.293152	
765.596191	-1469.007324	-4248.992676	1161.044678	
695.112305	-1569.809204	-3958.237061	1683.958496	
612.413086	-1660.857788	-3602.268799	2167.326904	
518.834229	-1740.682495	-3186.442871	2603.029053	
415.886993	-1807.994263	-2717.124512	2983.665527	
305.234070	-1861.705811	-2201.591064	3302.685547	
188.662567	-1900.949707	-1647.920166	3554.498047	
68.055183	-1925.092163	-1064.863037	3734.569092	
-54.640205	-1933.743286	-461.706024	3839.503662	
-177.442001	-1926.763306	151.876770	3867.107178	
-298.366882	-1904.265015	765.979065	3816.429688	
-415.461853	-1866.611694	1370.622192	3687.788818	
-526.835754	-1814.411499	1955.917358	3482.773438	
-630.689819	-1748.507568	2512.227051	3204.225586	
-725.346741	-1669.964233	3030.324219	2856.201660	
-809.277832	-1580.049927	3501.544434	2443.915039	
-881.127502	-1480.216919	3917.931152	1973.657349	
-939.735291	-1372.077515	4272.370117	1452.703613	
-984.154724	-1257.378296	4558.708984	889.199463	
-1013.668396	-1137.971680	4771.866699	292.034454	
-1027.799561	-1015.786133	4907.918945	-329.298828	
-1026.320068	-892.795044	4964.172363	-964.855164	
-1009.253845	-770.984741	4939.215332	-1604.395874	
-976.876465	-652.322571	4832.947266	-2237.553955	
-929.710815	-538.725037	4646.591309	-2854.001953	
-868.518677	-432.026733	4382.680176	-3443.620605	
-794.288391	-333.950928	4045.023193	-3996.664551	
-708.218750	-246.081604	3638.653564	-4503.923828	
-611.699829	-169.837891	3169.752441	-4956.876465	
-506.290497	-106.451180	2645.555420	-5347.832520	
-393.693176	-56.945194	2074.242188	-5670.062500	
-275.726349	-22.119482	1464.807739	-5917.914551	
-154.295273	-2.536501	826.921570	-6086.912598	
-31.361113	1.487473	170.774216	-6173.834961	
91.090675	-10.112550	-493.085663	-6176.775879	
211.082413	-37.149223	-1153.920776	-6095.184570	
326.676178	-79.185890	-1800.979004	-5929.880371	
436.005066	-135.543625	-2423.667969	-5683.049316	
537.303345	-205.312225	-3011.729004	-5358.215332	
628.934998	-287.364899	-3555.405273	-4960.192871	
709.420105	-380.376434	-4045.604492	-4495.013672	
777.458801	-482.844635	-4474.049805	-3969.836914	
831.952209	-593.114624	-4833.420898	-3392.839600	
872.020264	-709.405457	-5117.475586	-2773.089111	
897.015808	-829.838928	-5321.161621	-2120.400146	
906.535156	-952.470032	-5440.703613	-1445.180786	
900.424561	-1075.318115	-5473.670410	-758.265076	
878.782715	-1196.399170	-5419.026367	-70.740059	
841.959167	-1313.757690	-5277.152832	606.233215	
790.548645	-1425.498291	-5049.851074	1261.601196	
725.381409	-1529.816284	-4740.321777	1884.598022	
647.510010	-1625.026855	-4353.120605	2464.922607	
558.192078	-1709.592285	-3894.090820	2992.908691	
458.870117	-1782.146729	-3370.277100	3459.685303	
351.148285	-1841.518433	-2789.816406	3857.326904	
236.766327	-1886.748657	-2161.812500	4178.985352	
117.571579	-1917.106689	-1496.193481	4419.009766	
-4.510890	-1932.102417	-803.553955	4573.044434	
-127.509384	-1931.493530	-94.987366	4638.104980	
-249.437408	-1915.289917	618.092102	4612.638184	
-368.325745	-1883.753296	1324.133301	4496.552246	
-482.254303	-1837.392944	2011.635010	4291.226562	
-589.383057	-1776.957642	2669.333984	3999.500000	
-687.981812	-1703.423340	3286.388428	3625.629883	
-776.458130	-1617.977783	3852.557617	3175.231689	
-853.383118	-1522.000977	4358.371094	2655.195557	
-917.514343	-1417.042969	4795.286621	2073.580322	
-967.816040	-1304.798828	5155.835938	1439.490112	
-1003.475830	-1187.081421	5433.748535	762.930603	
-1023.917847	-1065.791992	5624.064941	54.652000	
-1028.811890	-942.889404	5723.219727	-674.021729	
-1018.078857	-820.358582	5729.110840	-1411.374146	
-991.892151	-700.178467	5641.137695	-2145.484619	
-950.674744	-584.290039	5460.224121	-2864.420898	
-895.092285	-474.564972	5188.805664	-3556.433594	
-826.042419	-372.775391	4830.803711	-4210.146973	
-744.640381	-280.565247	4391.564941	-4814.748047	
-652.200867	-199.423798	3877.785400	-5360.162109	
-550.216797	-130.661514	3297.406738	-5837.224121	
-440.335297	-75.388947	2659.494141	-6237.830078	
-324.331024	-34.498783	1974.096069	-6555.073730	
-204.077484	-8.651417	1252.084229	-6783.368652	
-81.516853	1.735701	504.982574	-6918.542480	
41.371441	-3.505188	-255.217209	-6957.912109	
162.602692	-24.289440	-1016.248047	-6900.338867	
280.218933	-60.281376	-1765.765503	-6746.250977	
392.320618	-110.899712	-2491.547607	-6497.645996	
497.097198	-175.326920	-3181.694824	-6158.067383	
592.856506	-252.522476	-3824.824707	-5732.554199	
678.052002	-341.239624	-4410.259277	-5227.566895	
751.307678	-440.045532	-4928.202637	-4650.889648	
811.440430	-547.344421	-5369.904785	-4011.510742	
857.479065	-661.403381	-5727.808594	-3319.482178	
888.680054	-780.380249	-5995.678711	-2585.762939	
904.539490	-902.353516	-6168.710449	-1822.044189	
904.801208	-1025.353271	-6243.614746	-1040.563843	
889.460999	-1147.392944	-6218.678711	-253.910049	
858.766602	-1266.501587	-6093.801270	525.181213	
813.213745	-1380.755371	-5870.504395	1284.032715	
753.538147	-1488.309204	-5551.914551	2010.232056	
680.703613	-1587.426025	-5142.722168	2691.834229	
595.886475	-1676.504883	-4649.111328	3317.559326	
500.456543	-1754.107300	-4078.667969	3876.977051	
395.955078	-1818.979858	-3440.261963	4360.683105	
284.069824	-1870.074829	-2743.911865	4760.454102	
166.607819	-1906.567017	-2000.625488	5069.389160	
45.466122	-1927.866943	-1222.227905	5282.028320	
-77.398758	-1933.630737	-421.171753	5394.446289	
-200.002487	-1923.765259	389.661011	5404.327148	
-320.364929	-1898.429932	1197.166626	5311.006836	
-436.542175	-1858.033813	1988.230957	5115.493164	
-546.657898	-1803.229370	2749.942871	4820.458984	
-648.933655	-1734.901733	3469.804932	4430.203125	
-741.717651	-1654.154419	4135.937988	3950.593262	
-823.511353	-1562.291504	4737.277344	3388.974365	
-892.993774	-1460.796753	5263.756836	2754.058350	
-949.042725	-1351.309204	5706.475586	2055.788574	
-990.752930	-1235.597290	6057.851074	1305.185059	
-1017.450806	-1115.529663	6311.745117	514.169556	
-1028.705200	-993.045654	6463.573730	-304.623260	
-1024.334229	-870.123352	6510.385742	-1138.047241	
-1004.408569	-748.748047	6450.921387	-1972.656250	
-969.250061	-630.880005	6285.639648	-2794.920898	
-919.426453	-518.422852	6016.717773	-3591.448242	
-855.742493	-413.192871	5648.026855	-4349.199219	
-779.226685	-316.889557	5185.073730	-5055.702637	
-691.114807	-231.068283	4634.921387	-5699.259766	
-592.829895	-157.115097	4006.081787	-6269.139648	
-485.959320	-96.224388	3308.382080	-6755.754395	
-372.229095	-49.379581	2552.813965	-7150.823730	
-253.476044	-17.337244	1751.358765	-7447.514648	
-131.618088	-0.614878	916.798645	-7640.557617	
-8.623300	0.517442	62.511990	-7726.340820	
113.521881	-13.958574	-797.740662	-7702.975586	
232.844742	-43.809128	-1650.038330	-7570.335449	
347.418152	-88.552116	-2480.524902	-7330.067871	
455.391663	-147.464920	-3275.634277	-6985.571777	
555.021484	-219.596054	-4022.312256	-6541.954590	
644.698486	-303.780579	-4708.229980	-6005.954102	
722.974365	-398.658844	-5321.989258	-5385.838379	
788.584961	-502.698517	-5853.309082	-4691.277832	
840.470581	-614.219299	-6293.199707	-3933.194336	
877.793213	-731.420044	-6634.114258	-3123.590332	
899.949646	-852.408020	-6870.083496	-2275.328125	
906.582031	-975.229065	-6996.793457	-1402.013916	
897.583252	-1097.899414	-7011.696777	-517.693481	
873.098633	-1218.437744	-6914.048828	363.345032	
833.523621	-1334.897217	-6704.926758	1226.802734	
779.497437	-1445.396851	-6387.221680	2058.601807	
711.892700	-1548.151855	-5965.599121	2845.114990	
631.801270	-1641.502563	-5446.430176	3573.389404	
540.516785	-1723.941284	-4837.697754	4231.358887	
439.513641	-1794.136475	-4148.873047	4808.043945	
330.423187	-1850.954346	-3390.767822	5293.735352	
215.007416	-1893.477295	-2575.365723	5680.157227	
95.130455	-1921.018433	-1715.632690	5960.606445	
-27.271502	-1933.132935	-825.310974	6130.070801	
-150.221466	-1929.625122	81.300987	6185.314941	
-271.733612	-1910.551636	989.577637	6124.942871	
-389.845337	-1876.220581	1884.802490	5949.427246	
-502.648956	-1827.186523	2752.406738	5661.111328	
-608.322510	-1764.241333	3578.205811	5264.177246	
-705.159180	-1688.401733	4348.631836	4764.586914	
-791.594971	-1600.892578	5050.956055	4169.993652	
-866.233765	-1503.127319	5673.499512	3489.625488	
-927.870056	-1396.684937	6205.826660	2734.139404	
-975.508301	-1283.284790	6638.920410	1915.458496	
-1008.379089	-1164.758423	6965.333008	1046.580811	
-1025.951538	-1043.020142	7179.316895	141.374939	
-1027.941772	-920.036255	7276.922363	-785.642334	
-1014.317627	-797.793152	7256.069824	-1719.538574	
-985.299194	-678.265198	7116.592773	-2645.205811	
-941.355164	-563.382996	6860.247070	-3547.605469	
-883.195251	-455.002075	6490.691895	-4412.012695	
-811.758911	-354.872925	6013.437500	-5224.256348	
-728.199890	-264.612793	5435.763672	-5970.951172	
-633.867798	-185.679535	4766.609863	-6639.718262	
-530.286255	-119.348038	4016.436523	-7219.391113	
-419.128296	-66.689651	3197.061279	-7700.200195	
-302.189240	-28.554897	2321.474365	-8073.938477	
-181.357864	-5.559706	1403.631226	-8334.101562	
-58.585773	1.924515	458.230774	-8475.998047	
64.144073	-6.223115	-499.519867	-8496.836914	
184.849411	-29.871002	-1454.150146	-8395.776367	
301.580658	-68.637192	-2390.176025	-8173.949707	
412.452423	-121.895554	-3292.351318	-7834.451172	
515.673950	-188.785889	-4145.915039	-7382.296875	
609.578064	-268.227814	-4936.833984	-6824.349609	
692.648071	-358.938202	-5652.033691	-6169.216797	
763.542236	-459.451965	-6279.612793	-5427.116699	
821.115540	-568.145630	-6809.041504	-4609.717773	
864.438049	-683.263672	-7231.339844	-3729.959717	
892.810120	-802.946716	-7539.227051	-2801.844238	
905.773438	-925.261719	-7727.247559	-1840.214233	
903.118591	-1048.233032	-7791.868164	-860.516968	
884.888550	-1169.874634	-7731.540527	121.445084	
851.377686	-1288.221680	-7546.737305	1089.769043	
803.127258	-1401.362671	-7239.950195	2028.708618	
740.916626	-1507.470337	-6815.658691	2922.930420	
665.750549	-1604.830811	-6280.265625	3757.764893	
578.843079	-1691.871582	-5642.000000	4519.445312	
481.597931	-1767.186768	-4910.792480	5195.337402	
375.585724	-1829.559937	-4098.119629	5774.145020	
262.518738	-1877.983643	-3216.824219	6246.103516	
144.223190	-1911.675903	-2280.913086	6603.138672	
22.609730	-1930.092407	-1305.334229	6839.008789	
-100.357407	-1932.935669	-305.737488	6949.412109	
-222.692108	-1920.159790	701.775818	6932.062988	
-342.418488	-1891.971191	1700.912231	6786.737305	
-457.602753	-1848.825073	2675.450195	6515.285156	
-566.384521	-1791.418457	3609.502930	6121.608398	
-667.006836	-1720.678345	4487.777344	5611.605957	
-757.844421	-1637.747437	5295.824707	4993.084473	
-837.430176	-1543.965210	6020.278320	4275.640625	
-904.478638	-1440.846313	6649.074219	3470.512939	
-957.906860	-1330.056274	7171.651367	2590.403564	
-996.851929	-1213.384521	7579.130859	1649.280518	
-1020.684753	-1092.715576	7864.463379	662.154419	
-1029.020508	-969.998352	8022.553223	-355.159943	
-1021.724426	-847.214905	8050.346680	-1386.297485	
-998.914429	-726.348450	7946.891113	-2414.605957	
-960.958923	-609.351074	7713.356445	-3423.414551	
-908.470947	-498.112518	7353.026855	-4396.305176	
-842.298279	-394.429474	6871.252441	-5317.377441	
-763.509705	-299.976532	6275.373535	-6171.511719	
-673.377747	-216.279282	5574.607422	-6944.614258	
-573.358215	-144.689560	4779.906738	-7623.851562	
-465.066528	-86.363640	3903.788574	-8197.862305	
-350.251801	-42.243580	2960.135986	-8656.947266	
-230.768463	-13.041986	1963.980225	-8993.232422	
-108.546356	0.769492	931.260315	-9200.806641	
14.440447	-1.032225	-121.432198	-9275.820312	
136.205521	-18.418036	-1177.119385	-9216.557617	
254.782181	-51.107132	-2218.710938	-9023.472656	
368.255219	-98.571533	-3229.280518	-8699.191406	
474.791870	-160.044617	-4192.341309	-8248.474609	
572.671448	-234.533508	-5092.114746	-7678.150391	
660.312988	-320.835083	-5913.788574	-6997.009277	
736.300964	-417.555450	-6643.761719	-6215.672852	
799.408081	-523.132385	-7269.867676	-5346.423828	
848.614990	-635.860718	-7781.578125	-4403.017090	
883.127014	-753.919678	-8170.180176	-3400.459229	
902.386658	-875.402466	-8428.922852	-2354.770752	
906.082886	-998.346924	-8553.135742	-1282.730957	
894.156006	-1120.767334	-8540.309570	-201.607773	
866.798645	-1240.686401	-8390.148438	871.120178	
824.452637	-1356.167236	-8104.579590	1918.045898	
767.802002	-1465.344604	-7687.731445	2922.116943	
697.761658	-1566.455200	-7145.875977	3866.912598	
615.462891	-1657.865845	-6487.332031	4736.912598	
522.234985	-1738.100220	-5722.341797	5517.752441	
419.583679	-1805.862427	-4862.907715	6196.459473	
309.166962	-1860.057861	-3922.607178	6761.669434	
192.768234	-1899.811279	-2916.377197	7203.815430	
72.267517	-1924.480591	-1860.276611	7515.290527	
-50.388924	-1933.667358	-771.230896	7690.577637	
-173.220001	-1927.223267	333.239655	7726.345215	
-294.241791	-1905.252319	1435.301880	7621.511719	
-411.499634	-1868.109375	2517.097412	7377.269531	
-523.099609	-1816.394287	3561.031982	6997.074707	
-627.239197	-1750.942505	4550.062500	6486.596680	
-722.236389	-1672.811035	5467.973145	5853.638184	
-806.556885	-1583.261841	6299.643555	5108.013184	
-878.838745	-1483.741333	7031.296875	4261.396484	
-937.914490	-1375.856812	7650.727539	3327.140137	
-982.829956	-1261.350952	8147.504395	2320.064453	
-1012.859680	-1142.073120	8513.146484	1256.221558	
-1027.518677	-1019.949768	8741.268555	152.640060	
-1026.570190	-896.953430	8827.690430	-972.947205	
-1010.029480	-775.070679	8770.512695	-2102.388428	
-978.163757	-656.270142	8570.155273	-3217.405518	
-931.487671	-542.470581	8229.360352	-4299.889648	
-870.755127	-435.510040	7753.153809	-5332.196289	
-796.947021	-337.116119	7148.774902	-6297.430664	
-711.255493	-248.878021	6425.562500	-7179.726562	
-615.064575	-172.220932	5594.814453	-7964.506348	
-509.927917	-108.382980	4669.610352	-8638.720703	
-397.543640	-58.395245	3664.604492	-9191.067383	
-279.726898	-23.065104	2595.795654	-9612.176758	
-158.380646	-2.963194	1480.271606	-9894.775391	
-35.464794	1.585807	335.935730	-10033.807617	
87.035378	-9.491574	-818.779663	-10026.525391	
207.141296	-36.016418	-1965.210815	-9872.542969	
322.913086	-77.560310	-3084.763672	-9573.849609	
432.480835	-133.452255	-4159.216309	-9134.784180	
534.074829	-202.789505	-5171.014160	-8561.974609	
626.054260	-284.452148	-6103.558105	-7864.241211	
706.933411	-377.121246	-6941.476074	-7052.454102	
775.406006	-479.300018	-7670.875977	-6139.370605	
830.366150	-589.338135	-8279.577148	-5139.431152	
870.926086	-705.458313	-8757.311523	-4068.533203	
896.430725	-825.784973	-9095.899414	-2943.776855	
906.468140	-948.374756	-9289.384766	-1783.193115	
900.876221	-1071.247559	-9334.145508	-605.454041	
879.745300	-1192.418823	-9228.953125	570.427063	
843.416626	-1309.931519	-8975.005859	1725.403076	
792.476990	-1421.887573	-8575.915039	2840.701172	
727.749146	-1526.478760	-8037.655273	3898.128418	
650.278503	-1622.015625	-7368.475098	4880.368652	
561.316406	-1706.955322	-6578.772461	5771.264160	
462.299683	-1779.925781	-5680.931152	6556.084473	
354.827606	-1839.748535	-4689.128418	7221.767090	
240.636032	-1885.457275	-3619.110107	7757.135742	
121.569328	-1916.313721	-2487.942627	8153.089355	
-0.449400	-1931.819580	-1313.738525	8402.751953	
-123.449364	-1931.724365	-115.367729	8501.596680	
-245.443924	-1916.029541	1087.845825	8447.524414	
-364.462677	-1884.988647	2276.436035	8240.904297	
-478.583282	-1839.103149	3431.109375	7884.578125	
-585.962524	-1779.114014	4533.058105	7383.823730	
-684.866089	-1705.990234	5564.266113	6746.272949	
-773.696472	-1620.912842	6507.805176	5981.799805	
-851.018982	-1525.255981	7348.109863	5102.365723	
-915.584717	-1420.564697	8071.237793	4121.834473	
-966.350830	-1308.529907	8665.096680	3055.750977	
-1002.497437	-1190.961060	9119.650391	1921.097534	
-1023.440613	-1069.757202	9427.084961	736.021912	
-1028.842163	-946.875854	9581.945312	-480.452393	
-1018.614807	-824.301819	9581.227539	-1708.731567	
-992.923767	-704.014771	9424.440430	-2928.967041	
-952.183960	-587.957581	9113.617188	-4121.375977	
-897.053406	-478.004761	8653.291992	-5266.563477	
-828.422546	-375.932190	8050.435547	-6345.835938	
-747.399902	-283.388519	7314.349609	-7341.506348	
-655.294128	-201.868454	6456.523926	-8237.186523	
-553.592834	-132.688675	5490.455078	-9018.054688	
-443.938629	-76.966537	4431.437988	-9671.099609	
-328.102631	-35.602047	3296.320557	-10185.338867	
-207.955765	-9.263301	2103.237305	-10552.005859	
-85.438583	1.624290	871.318909	-10764.691406	
37.470074	-3.115127	-379.613434	-10819.461914	
158.785034	-23.405001	-1629.367798	-10714.930664	
276.546875	-58.917622	-2857.707520	-10452.282227	
388.853577	-109.079399	-4044.678223	-10035.269531	
493.891205	-173.080154	-5170.932617	-9470.153320	
589.963257	-249.886169	-6218.045898	-8765.616211	
675.518005	-338.256897	-7168.815430	-7932.624023	
749.173584	-436.765045	-8007.545898	-6984.257324	
809.740356	-543.819519	-8720.307617	-5935.507324	
856.240112	-657.691284	-9295.164062	-4803.037109	
887.921753	-776.541077	-9722.378906	-3604.917969	
904.273621	-898.449280	-9994.572266	-2360.340332	
905.031616	-1021.446960	-10106.854492	-1089.307617	
890.183472	-1143.547485	-10056.908203	187.686020	
859.968994	-1262.778687	-9845.037109	1449.986450	
814.876221	-1377.214844	-9474.166992	2677.113037	
755.633423	-1485.007690	-8949.808594	3849.090820	
683.197510	-1584.416138	-8279.973633	4946.776367	
598.738403	-1673.834595	-7475.056641	5952.170410	
503.620270	-1751.818848	-6547.670410	6848.710938	
399.379395	-1817.109253	-5512.448730	7621.549805	
287.699432	-1868.651367	-4385.818359	8257.793945	
170.384201	-1905.612671	-3185.736084	8746.724609	
49.328510	-1927.396118	-1931.403076	9079.973633	
-73.512398	-1933.650024	-642.958435	9251.668945	
-196.154465	-1924.273193	658.845337	9258.536133	
-316.616821	-1899.417236	1952.975708	9099.960938	
-432.953827	-1859.483521	3218.459961	8778.004883	
-543.286438	-1805.117065	4434.725586	8297.380859	
-645.832642	-1737.195923	5581.934570	7665.387695	
-738.936157	-1656.817261	6641.306152	6891.794434	
-821.093201	-1565.279175	7595.425781	5988.694336	
-890.976807	-1464.060181	8428.529297	4970.313965	
-947.458252	-1354.795166	9126.764648	3852.789307	
-989.625305	-1239.248901	9678.422852	2653.910400	
-1016.796875	-1119.287598	10074.130859	1392.838867	
-1028.534058	-996.848877	10307.014648	89.800018	
-1024.647339	-873.910278	10372.814453	-1234.239746	
-1005.199524	-752.457458	10269.963867	-2557.911377	
-970.504639	-634.452087	9999.621094	-3859.787842	
-921.123108	-521.800110	9565.661133	-5118.729980	
-857.852539	-416.321045	8974.620117	-6314.231934	
-781.714844	-319.718506	8235.595703	-7426.752930	
-693.939697	-233.552811	7360.108887	-8438.037109	
-595.944885	-159.215652	6361.924805	-9331.415039	
-489.313110	-97.907684	5256.836426	-10092.074219	
-375.766663	-50.619129	4062.413330	-10707.310547	
-257.139496	-18.113771	2797.724854	-11166.733398	
-135.347626	-0.916620	1483.033447	-11462.445312	
-12.358179	0.694564	139.471237	-11589.176758	
109.842384	-13.306242	-1211.299683	-11544.377930	
229.280334	-42.692905	-2547.436768	-11328.268555	
344.026581	-86.990784	-3847.270508	-10943.843750	
452.227753	-145.484406	-5089.654785	-10396.830078	
552.136292	-217.229004	-6254.312988	-9695.606445	
642.138489	-301.065796	-7322.165039	-8851.069336	
720.780640	-395.640686	-8275.645508	-7876.470215	
786.792603	-499.426147	-9098.986328	-6787.203613	
839.108154	-610.745850	-9778.483398	-5600.566406	
876.882385	-727.801880	-10302.718750	-4335.480957	
899.505127	-848.703552	-10662.755859	-3012.195312	
906.610962	-971.498108	-10852.291992	-1651.958740	
898.085144	-1094.202271	-10867.764648	-276.679932	
874.065369	-1214.834106	-10708.419922	1091.425293	
834.939636	-1331.445312	-10376.331055	2430.193115	
781.339844	-1442.152466	-9876.374023	3717.870361	
714.131714	-1545.167358	-9216.159180	4933.469238	
634.400818	-1638.826172	-8405.909180	6057.107422	
543.434875	-1721.616211	-7458.306641	7070.334473	
442.703125	-1792.200317	-6388.295410	7956.434570	
333.832550	-1849.438354	-5212.841797	8700.702148	
218.581573	-1892.405884	-3950.669922	9290.686523	
98.811676	-1920.408936	-2621.958740	9716.396484	
-23.542667	-1932.995239	-1248.023804	9970.475586	
-146.505249	-1929.961426	149.027161	10048.320312	
-268.090027	-1911.356567	1546.649414	9948.170898	
-386.333221	-1877.481201	2922.224609	9671.142578	
-499.325043	-1828.882324	4253.427734	9221.215820	
-605.240479	-1766.344971	5518.587402	8605.184570	
-702.368835	-1690.879272	6697.041992	7832.548340	
-789.141357	-1603.703979	7769.474121	6915.368652	
-864.156494	-1506.227173	8718.227539	5868.082520	
-926.202698	-1400.023315	9527.600586	4707.272461	
-974.277771	-1286.807617	10184.100586	3451.405762	
-1007.605286	-1168.408813	10676.673828	2120.540527	
-1025.646851	-1046.739136	10996.889648	736.005005	
-1028.111206	-923.763855	11139.082031	-679.943909	
-1014.958435	-801.469116	11100.452148	-2104.478516	
-986.401001	-681.830200	10881.121094	-3514.568604	
-942.900208	-566.779419	10484.131836	-4887.353027	
-885.158569	-458.175079	9915.416992	-6200.511719	
-814.108765	-357.771271	9183.701172	-7432.626953	
-730.898315	-267.189667	8300.375000	-8563.533203	
-636.871277	-187.893326	7279.311035	-9574.648438	
-533.546265	-121.162987	6136.653809	-10449.277344	
-422.592133	-68.076447	4890.558105	-11172.887695	
-305.800964	-29.491140	3560.905029	-11733.351562	
-185.059143	-6.030279	2168.981445	-12121.150391	
-62.316818	1.927210	737.142029	-12329.531250	
60.443531	-5.747200	-711.551453	-12354.627930	
181.239136	-28.929556	-2153.700928	-12195.532227	
298.118958	-67.245430	-3565.950195	-11854.312500	
409.195221	-120.075958	-4925.362793	-11335.993164	
512.673889	-186.567841	-6209.794922	-10648.475586	
606.883545	-265.647125	-7398.256348	-9802.424805	
690.302612	-356.036591	-8471.251953	-8811.099609	
761.583740	-456.276276	-9411.103516	-7690.145996	
819.575684	-564.747192	-10202.239258	-6457.352539	
863.341736	-679.697327	-10831.452148	-5132.363770	
892.174988	-799.270081	-11288.121094	-3736.372559	
905.609741	-921.534180	-11564.387695	-2291.776367	
903.429016	-1044.514893	-11655.293945	-821.821167	
885.668030	-1166.225830	-11558.868164	649.774292	
852.613647	-1284.701172	-11276.163086	2099.200439	
804.799805	-1398.027344	-10811.253906	3502.942627	
742.998718	-1504.374023	-10171.171875	4838.162109	
668.208557	-1602.023560	-9365.804688	6083.067383	
581.637329	-1689.398682	-8407.741211	7217.271484	
484.683258	-1765.088257	-7312.075195	8222.123047	
378.912323	-1827.869629	-6096.168945	9081.015625	
266.032867	-1876.728882	-4779.376953	9779.661133	
147.868103	-1910.876953	-3382.737305	10306.325195	
26.326548	-1929.762085	-1928.637939	10652.026367	
-96.628708	-1933.079468	-440.455688	10810.690430	
-219.011749	-1920.775391	1057.818604	10779.250977	
-338.845917	-1893.048584	2541.966797	10557.711914	
-454.195679	-1850.346924	3987.936035	10149.155273	
-563.197998	-1793.360107	5372.226074	9559.695312	
-664.092285	-1723.008545	6672.274902	8798.392578	
-755.248901	-1640.428467	7866.822266	7877.111816	
-835.195618	-1546.953735	8936.260742	6810.338867	
-902.641113	-1444.094116	9862.955078	5614.952637	
-956.496033	-1333.510864	10631.535156	4309.957031	
-995.890564	-1216.990234	11229.148438	2916.180908	
-1020.188416	-1096.414062	11645.675781	1455.944458	
-1028.997192	-973.729919	11873.902344	-47.298313	
-1022.174561	-850.919312	11909.643555	-1569.335693	
-999.830688	-729.965820	11751.817383	-3085.588379	
-962.326538	-612.822998	11402.471680	-4571.506836	
-910.267822	-501.382935	10866.760742	-6002.968262	
-844.495361	-397.445526	10152.866211	-7356.667969	
-766.071472	-302.689545	9271.877930	-8610.500000	
-676.262878	-218.645432	8237.615234	-9743.916992	
-576.520081	-146.670624	7066.417480	-10738.266602	
-468.454071	-87.927643	5776.879395	-11577.099609	
-353.810303	-43.365265	4389.561523	-12246.440430	
-234.440445	-13.703243	2926.658936	-12735.020508	
-112.272491	0.579334	1411.646606	-13034.468750	
10.720345	-0.748219	-131.095398	-13139.451172	
132.551544	-17.664459	-1676.676147	-13047.769531	
251.253342	-49.896164	-3200.094727	-12760.400391	
364.908539	-96.922745	-4676.644531	-12281.493164	
471.681396	-157.984650	-6082.314453	-11618.304688	
569.847412	-232.095627	-7394.178711	-10781.093750	
657.820984	-318.058685	-8590.770508	-9782.960938	
734.181274	-414.485382	-9652.434570	-8639.646484	
797.694946	-519.818237	-10561.649414	-7369.278809	
847.336121	-632.356018	-11303.314453	-5992.088379	
882.303040	-750.281067	-11865.003906	-4530.086914	
902.030884	-871.688721	-12237.170898	-3006.713867	
906.201050	-994.617981	-12413.314453	-1446.462280	
894.746216	-1117.083374	-12390.086914	125.516830	
867.851379	-1237.106934	-12167.359375	1683.818604	
825.950928	-1352.750122	-11748.230469	3203.195068	
769.721619	-1462.145142	-11138.987305	4658.964844	
700.071594	-1563.525024	-10349.005859	6027.413574	
618.125854	-1655.252319	-9390.615234	7286.180176	
525.207947	-1735.845581	-8278.895508	8414.622070	
422.818665	-1804.002930	-7031.450195	9394.153320	
312.611725	-1858.623657	-5668.121582	10208.553711	
196.367126	-1898.825562	-4210.677246	10844.230469	
75.962410	-1923.959229	-2682.462891	11290.453125	
-46.657703	-1933.618774	-1108.026733	11539.527344	
-169.512711	-1927.648193	487.272980	11586.930664	
-290.618317	-1906.143921	2077.677246	11431.394531	
-408.018463	-1869.453247	3637.442139	11074.929688	
-519.816956	-1818.168823	5141.255371	10522.802734	
-624.208130	-1753.118896	6564.647949	9783.461914	
-719.505859	-1675.354248	7884.390137	8868.403320	
-804.170959	-1586.130859	9078.873047	7791.997070	
-876.835938	-1486.889771	10128.460938	6571.258789	
-936.327148	-1379.233887	11015.814453	5225.582520	
-981.683716	-1264.901978	11726.176758	3776.431396	
-1012.173096	-1145.740723	12247.617188	2246.996094	
-1027.302856	-1023.674805	12571.235352	661.823364	
-1026.828491	-900.675720	12691.308594	-953.577332	
-1010.757812	-778.730103	12605.393555	-2573.144775	
-979.350342	-659.807556	12314.375000	-4170.687012	
-933.113342	-545.828857	11822.458008	-5720.303223	
-872.793579	-438.634979	11137.111328	-7196.805176	
-799.365356	-339.957245	10268.948242	-8576.126953	
-714.014648	-251.389435	9231.569336	-9835.714844	
-618.119995	-174.362076	8041.343750	-10954.898438	
-513.230225	-110.119263	6717.156250	-11915.229492	
-401.039490	-59.698624	5280.104492	-12700.785156	
-283.359833	-23.914528	3753.162842	-13298.429688	
-162.091980	-3.344942	2160.817139	-13698.040039	
-39.194580	1.677902	528.670593	-13892.670898	
83.347389	-8.927121	-1116.968018	-13878.675781	
203.554688	-34.988724	-2749.507568	-13655.777344	
319.485779	-76.085976	-4342.504395	-13227.077148	
429.268188	-131.555084	-5870.091797	-12599.014648	
531.128784	-200.500153	-7307.397949	-11781.270508	
623.422363	-281.807587	-8630.953125	-10786.616211	
704.658203	-374.164185	-9819.070312	-9630.720703	
773.524231	-476.078217	-10852.204102	-8331.894531	
828.908203	-585.903625	-11713.268555	-6910.809082	
869.915527	-701.866577	-12387.920898	-5390.161133	
895.883911	-822.094055	-12864.799805	-3794.313721	
906.393860	-944.644226	-13135.718750	-2148.904541	
901.275696	-1067.537720	-13195.803711	-480.434662	
880.612061	-1188.789551	-13043.579102	1184.158813	
844.736694	-1306.441406	-12681.002930	2817.937012	
794.229065	-1418.593018	-12113.440430	4394.395508	
729.904907	-1523.432861	-11349.585938	5887.895508	
652.803162	-1619.267700	-10401.332031	7274.078125	
564.169189	-1704.549683	-9283.581055	8530.263672	
465.434540	-1777.901367	-8014.016113	9635.823242	
358.193909	-1838.137939	-6612.815430	10572.514648	
244.179413	-1884.286499	-5102.336426	11324.786133	
125.232559	-1915.601807	-3506.757568	11880.033203	
3.274518	-1931.577881	-1851.690430	12228.808594	
-119.724899	-1931.956787	-163.769760	12364.984375	
-241.779068	-1916.732422	1529.775391	12285.858398	
-360.916626	-1886.150635	3201.561279	11992.205078	
-475.213287	-1840.705444	4824.491699	11488.272461	
-582.822998	-1781.130737	6372.198242	10781.718750	
-682.007751	-1708.388794	7819.466797	9883.501953	
-771.165527	-1623.654541	9142.650391	8807.703125	
-848.856262	-1528.296509	10320.052734	7571.312988	
-913.825134	-1423.854980	11332.289062	6193.957031	
-965.022827	-1312.016724	12162.598633	4697.589355	
-1001.622375	-1194.588135	12797.126953	3106.139648	
-1023.032715	-1073.465942	13225.154297	1445.132202	
-1028.907959	-950.606323	13439.277344	-258.724548	
-1019.153259	-827.993713	13435.536133	-1977.966553	
-993.926147	-707.608521	13213.487305	-3684.817627	
-953.634094	-591.395142	12776.217773	-5351.637695	
-898.927856	-481.230591	12130.304688	-6951.370117	
-830.691040	-378.894196	11285.714844	-8457.982422	
-750.025818	-286.038849	10255.654297	-9846.886719	
-658.234985	-204.164291	9056.358398	-11095.344727	
-556.801147	-134.592941	7706.837891	-12182.838867	
-447.362579	-78.448471	6228.580078	-13091.405273	
-331.686920	-36.637707	4645.202637	-13805.938477	
-211.642487	-9.835955	2982.077393	-14314.433594	
-89.168190	1.523895	1265.925903	-14608.194336	
33.757824	-2.741636	-475.611511	-14681.977539	
155.150116	-22.563654	-2214.421143	-14534.086914	
273.048004	-57.622002	-3922.368896	-14166.410156	
385.547272	-107.350433	-5571.756348	-13584.393555	
490.830872	-170.945755	-7135.769043	-12796.964844	
587.198303	-247.380814	-8588.913086	-11816.394531	
673.093079	-335.421051	-9907.429688	-10658.107422	
747.127869	-433.644501	-11069.685547	-9340.434570	
808.106934	-540.464722	-12056.526367	-7884.332520	
855.045349	-654.156372	-12851.591797	-6313.041016	
887.184998	-772.883118	-13441.585938	-4651.717285	
904.006714	-894.727417	-13816.503906	-2927.031738	
905.238892	-1017.721252	-13969.794922	-1166.740234	
890.861572	-1139.878052	-13898.480469	600.762817	
861.106995	-1259.224854	-13603.208984	2346.902588	
816.455688	-1373.833984	-13088.252930	4043.385498	
757.628906	-1481.854370	-12361.450195	5662.658203	
685.576782	-1581.541382	-11434.081055	7178.354004	
601.463013	-1671.284790	-10320.699219	8565.723633	
506.646240	-1749.635132	-9038.896484	9802.038086	
402.657867	-1815.326904	-7609.031250	10866.960938	
291.177460	-1867.299194	-6053.902832	11742.883789	
174.005600	-1904.712524	-4398.386719	12415.217773	
53.034794	-1926.962524	-2669.038330	12872.632812	
-69.781097	-1933.689941	-893.666809	13107.251953	
-192.458405	-1924.786011	899.112122	13114.784180	
-313.015686	-1900.394653	2680.338135	12894.605469	
-429.505768	-1860.909790	4421.173340	12449.771484	
-540.047180	-1806.969116	6093.368652	11786.980469	
-642.854492	-1739.443848	7669.724609	10916.469727	
-736.267212	-1659.424683	9124.531250	9851.862305	
-818.776550	-1568.203979	10433.987305	8609.950195	
-889.049866	-1467.255127	11576.590820	7210.431152	
-945.952148	-1358.208618	12533.494141	5675.595215	
-988.564331	-1242.825806	13288.809570	4029.970459	
-1016.198181	-1122.970215	13829.875977	2299.932861	
-1028.407349	-1000.577637	14147.471680	513.280579	
-1024.994629	-877.625000	14235.968750	-1301.211060	
-1006.015198	-756.098145	14093.435547	-3114.253418	
-971.775574	-637.959900	13721.669922	-4896.517090	
-922.828735	-525.118408	13126.186523	-6619.105957	
-859.965271	-419.396179	12316.125977	-8254.027344	
-784.200562	-322.500824	11304.125977	-9774.644531	
-696.758301	-235.997360	10106.114258	-11156.113281	
-599.050781	-161.282959	8741.063477	-12375.784180	
-492.656158	-99.564354	7230.690430	-13413.579102	
-379.292877	-51.838394	5599.110352	-14252.315430	
-260.791931	-18.875935	3872.450195	-14877.995117	
-139.067276	-1.209367	2078.432861	-15280.037109	
-16.084955	0.875966	245.930374	-15451.453125	
106.168678	-12.653617	-1595.500122	-15388.972656	
225.719040	-41.579594	-3416.093018	-15093.101562	
340.635193	-85.434761	-5186.355957	-14568.120117	
449.061096	-143.510788	-6877.546875	-13822.028320	
549.245483	-214.869675	-8462.141602	-12866.416016	
639.570190	-298.358856	-9914.279297	-11716.290039	
718.576416	-392.629852	-11210.189453	-10389.835938	
784.988037	-496.160034	-12328.574219	-8908.129883	
837.732422	-607.277222	-13250.964844	-7294.804199	
875.957642	-724.186707	-13962.021484	-5575.672363	
899.046326	-845.000244	-14449.791992	-3778.314453	
906.625549	-967.766479	-14705.909180	-1931.634277	
